[[-61.750945  -7.451144   0.         0.         0.020933  -1.846697  -1.846697]
 [ -7.451144 -10.167129   0.         0.         0.244043  -4.034052  -4.034052]
 [  0.         0.       -10.006114   0.         0.         0.         0.      ]
 [  0.         0.         0.       -10.160795   0.        -2.251996   2.251996]
 [  0.020933   0.244043   0.         0.       -10.114965   1.974772   1.974772]
 [ -1.846697  -4.034052   0.        -2.251996   1.974772  -5.944108  -1.832457]
 [ -1.846697  -4.034052   0.         2.251996   1.974772  -1.832457  -5.944108]]