[[[[ 4.785066  0.74138   0.        0.        0.        0.181397  0.181397]
   [ 0.74138   1.118947  0.        0.        0.        0.419641  0.419641]
   [ 0.        0.        1.115814  0.        0.        0.        0.      ]
   [ 0.        0.        0.        1.115814  0.        0.224307 -0.224307]
   [ 0.        0.        0.        0.        1.115814 -0.188166 -0.188166]
   [ 0.181397  0.419641  0.        0.224307 -0.188166  0.542905  0.181209]
   [ 0.181397  0.419641  0.       -0.224307 -0.188166  0.181209  0.542905]]

  [[ 0.74138   0.136873  0.        0.        0.        0.033184  0.033184]
   [ 0.136873  0.256633  0.        0.        0.        0.097356  0.097356]
   [ 0.        0.        0.256684  0.        0.        0.        0.      ]
   [ 0.        0.        0.        0.256684  0.        0.052738 -0.052738]
   [ 0.        0.        0.        0.        0.256684 -0.044241 -0.044241]
   [ 0.033184  0.097356  0.        0.052738 -0.044241  0.127999  0.042424]
   [ 0.033184  0.097356  0.       -0.052738 -0.044241  0.042424  0.127999]]

  [[ 0.        0.        0.024477  0.        0.        0.        0.      ]
   [ 0.        0.        0.037809  0.        0.        0.        0.      ]
   [ 0.024477  0.037809  0.        0.        0.        0.010446  0.010446]
   [ 0.        0.        0.        0.        0.        0.        0.      ]
   [ 0.        0.        0.        0.        0.        0.        0.      ]
   [ 0.        0.        0.010446  0.        0.        0.        0.      ]
   [ 0.        0.        0.010446  0.        0.        0.        0.      ]]

  [[ 0.        0.        0.        0.024477  0.        0.001165 -0.001165]
   [ 0.        0.        0.        0.037809  0.        0.005562 -0.005562]
   [ 0.        0.        0.        0.        0.        0.        0.      ]
   [ 0.024477  0.037809  0.        0.        0.        0.013104  0.013104]
   [ 0.        0.        0.        0.        0.       -0.00223   0.00223 ]
   [ 0.001165  0.005562  0.        0.013104 -0.00223   0.009902 -0.      ]
   [-0.001165 -0.005562  0.        0.013104  0.00223   0.       -0.009902]]

  [[ 0.        0.        0.        0.        0.024477 -0.000977 -0.000977]
   [ 0.        0.        0.        0.        0.037809 -0.004666 -0.004666]
   [ 0.        0.        0.        0.        0.        0.        0.      ]
   [ 0.        0.        0.        0.        0.       -0.00223   0.00223 ]
   [ 0.024477  0.037809  0.        0.        0.        0.012316  0.012316]
   [-0.000977 -0.004666  0.       -0.00223   0.012316 -0.008307 -0.003216]
   [-0.000977 -0.004666  0.        0.00223   0.012316 -0.003216 -0.008307]]

  [[ 0.181397  0.033184  0.        0.001165 -0.000977  0.008149  0.008031]
   [ 0.033184  0.061744  0.        0.002173 -0.001823  0.024019  0.023316]
   [ 0.        0.        0.061628  0.        0.        0.        0.      ]
   [ 0.001165  0.002173  0.        0.061836 -0.000175  0.013615 -0.012019]
   [-0.000977 -0.001823  0.       -0.000175  0.061775 -0.011422 -0.011092]
   [ 0.008149  0.024019  0.        0.013615 -0.011422  0.0319    0.010375]
   [ 0.008031  0.023316  0.       -0.012019 -0.011092  0.010375  0.030593]]

  [[ 0.181397  0.033184  0.       -0.001165 -0.000977  0.008031  0.008149]
   [ 0.033184  0.061744  0.       -0.002173 -0.001823  0.023316  0.024019]
   [ 0.        0.        0.061628  0.        0.        0.        0.      ]
   [-0.001165 -0.002173  0.        0.061836  0.000175  0.012019 -0.013615]
   [-0.000977 -0.001823  0.        0.000175  0.061775 -0.011092 -0.011422]
   [ 0.008031  0.023316  0.        0.012019 -0.011092  0.030593  0.010375]
   [ 0.008149  0.024019  0.       -0.013615 -0.011422  0.010375  0.0319  ]]]


 [[[ 0.74138   0.136873  0.        0.        0.        0.033184  0.033184]
   [ 0.136873  0.256633  0.        0.        0.        0.097356  0.097356]
   [ 0.        0.        0.256684  0.        0.        0.        0.      ]
   [ 0.        0.        0.        0.256684  0.        0.052738 -0.052738]
   [ 0.        0.        0.        0.        0.256684 -0.044241 -0.044241]
   [ 0.033184  0.097356  0.        0.052738 -0.044241  0.127999  0.042424]
   [ 0.033184  0.097356  0.       -0.052738 -0.044241  0.042424  0.127999]]

  [[ 1.118947  0.256633  0.        0.        0.        0.061744  0.061744]
   [ 0.256633  0.817206  0.        0.        0.        0.340715  0.340715]
   [ 0.        0.        0.817023  0.        0.        0.        0.      ]
   [ 0.        0.        0.        0.817023  0.        0.197159 -0.197159]
   [ 0.        0.        0.        0.        0.817023 -0.165392 -0.165392]
   [ 0.061744  0.340715  0.        0.197159 -0.165392  0.511494  0.160786]
   [ 0.061744  0.340715  0.       -0.197159 -0.165392  0.160786  0.511494]]

  [[ 0.        0.        0.037809  0.        0.        0.        0.      ]
   [ 0.        0.        0.180518  0.        0.        0.        0.      ]
   [ 0.037809  0.180518  0.        0.        0.        0.059857  0.059857]
   [ 0.        0.        0.        0.        0.        0.        0.      ]
   [ 0.        0.        0.        0.        0.        0.        0.      ]
   [ 0.        0.        0.059857  0.        0.        0.        0.      ]
   [ 0.        0.        0.059857  0.        0.        0.        0.      ]]

  [[ 0.        0.        0.        0.037809  0.        0.002173 -0.002173]
   [ 0.        0.        0.        0.180518  0.        0.041612 -0.041612]
   [ 0.        0.        0.        0.        0.        0.        0.      ]
   [ 0.037809  0.180518  0.        0.        0.        0.082833  0.082833]
   [ 0.        0.        0.        0.        0.       -0.019273  0.019273]
   [ 0.002173  0.041612  0.        0.082833 -0.019273  0.100353 -0.      ]
   [-0.002173 -0.041612  0.        0.082833  0.019273  0.       -0.100353]]

  [[ 0.        0.        0.        0.        0.037809 -0.001823 -0.001823]
   [ 0.        0.        0.        0.        0.180518 -0.034907 -0.034907]
   [ 0.        0.        0.        0.        0.        0.        0.      ]
   [ 0.        0.        0.        0.        0.       -0.019273  0.019273]
   [ 0.037809  0.180518  0.        0.        0.        0.076025  0.076025]
   [-0.001823 -0.034907  0.       -0.019273  0.076025 -0.084183 -0.028386]
   [-0.001823 -0.034907  0.        0.019273  0.076025 -0.028386 -0.084183]]

  [[ 0.419641  0.097356  0.        0.005562 -0.004666  0.024019  0.023316]
   [ 0.097356  0.340715  0.        0.041612 -0.034907  0.172512  0.143179]
   [ 0.        0.        0.335118  0.        0.        0.        0.      ]
   [ 0.005562  0.041612  0.        0.344789 -0.008113  0.121259 -0.068773]
   [-0.004666 -0.034907  0.       -0.008113  0.341924 -0.101721 -0.082233]
   [ 0.024019  0.172512  0.        0.121259 -0.101721  0.318749  0.081173]
   [ 0.023316  0.143179  0.       -0.068773 -0.082233  0.081173  0.221305]]

  [[ 0.419641  0.097356  0.       -0.005562 -0.004666  0.023316  0.024019]
   [ 0.097356  0.340715  0.       -0.041612 -0.034907  0.143179  0.172512]
   [ 0.        0.        0.335118  0.        0.        0.        0.      ]
   [-0.005562 -0.041612  0.        0.344789  0.008113  0.068773 -0.121259]
   [-0.004666 -0.034907  0.        0.008113  0.341924 -0.082233 -0.101721]
   [ 0.023316  0.143179  0.        0.068773 -0.082233  0.221305  0.081173]
   [ 0.024019  0.172512  0.       -0.121259 -0.101721  0.081173  0.318749]]]


 [[[ 0.        0.        0.024477  0.        0.        0.        0.      ]
   [ 0.        0.        0.037809  0.        0.        0.        0.      ]
   [ 0.024477  0.037809  0.        0.        0.        0.010446  0.010446]
   [ 0.        0.        0.        0.        0.        0.        0.      ]
   [ 0.        0.        0.        0.        0.        0.        0.      ]
   [ 0.        0.        0.010446  0.        0.        0.        0.      ]
   [ 0.        0.        0.010446  0.        0.        0.        0.      ]]

  [[ 0.        0.        0.037809  0.        0.        0.        0.      ]
   [ 0.        0.        0.180518  0.        0.        0.        0.      ]
   [ 0.037809  0.180518  0.        0.        0.        0.059857  0.059857]
   [ 0.        0.        0.        0.        0.        0.        0.      ]
   [ 0.        0.        0.        0.        0.        0.        0.      ]
   [ 0.        0.        0.059857  0.        0.        0.        0.      ]
   [ 0.        0.        0.059857  0.        0.        0.        0.      ]]

  [[ 1.115814  0.256684  0.        0.        0.        0.061628  0.061628]
   [ 0.256684  0.817023  0.        0.        0.        0.335118  0.335118]
   [ 0.        0.        0.880159  0.        0.        0.        0.      ]
   [ 0.        0.        0.        0.78527   0.        0.188114 -0.188114]
   [ 0.        0.        0.        0.        0.78527  -0.157805 -0.157805]
   [ 0.061628  0.335118  0.        0.188114 -0.157805  0.490637  0.15697 ]
   [ 0.061628  0.335118  0.       -0.188114 -0.157805  0.15697   0.490637]]

  [[ 0.        0.        0.        0.        0.        0.        0.      ]
   [ 0.        0.        0.        0.        0.        0.        0.      ]
   [ 0.        0.        0.        0.047444  0.        0.008755 -0.008755]
   [ 0.        0.        0.047444  0.        0.        0.        0.      ]
   [ 0.        0.        0.        0.        0.        0.        0.      ]
   [ 0.        0.        0.008755  0.        0.        0.        0.      ]
   [ 0.        0.       -0.008755  0.        0.        0.        0.      ]]

  [[ 0.        0.        0.        0.        0.        0.        0.      ]
   [ 0.        0.        0.        0.        0.        0.        0.      ]
   [ 0.        0.        0.        0.        0.047444 -0.007344 -0.007344]
   [ 0.        0.        0.        0.        0.        0.        0.      ]
   [ 0.        0.        0.047444  0.        0.        0.        0.      ]
   [ 0.        0.       -0.007344  0.        0.        0.        0.      ]
   [ 0.        0.       -0.007344  0.        0.        0.        0.      ]]

  [[ 0.        0.        0.010446  0.        0.        0.        0.      ]
   [ 0.        0.        0.059857  0.        0.        0.        0.      ]
   [ 0.010446  0.059857  0.        0.008755 -0.007344  0.025268  0.020387]
   [ 0.        0.        0.008755  0.        0.        0.        0.      ]
   [ 0.        0.       -0.007344  0.        0.        0.        0.      ]
   [ 0.        0.        0.025268  0.        0.        0.        0.      ]
   [ 0.        0.        0.020387  0.        0.        0.        0.      ]]

  [[ 0.        0.        0.010446  0.        0.        0.        0.      ]
   [ 0.        0.        0.059857  0.        0.        0.        0.      ]
   [ 0.010446  0.059857  0.       -0.008755 -0.007344  0.020387  0.025268]
   [ 0.        0.       -0.008755  0.        0.        0.        0.      ]
   [ 0.        0.       -0.007344  0.        0.        0.        0.      ]
   [ 0.        0.        0.020387  0.        0.        0.        0.      ]
   [ 0.        0.        0.025268  0.        0.        0.        0.      ]]]


 [[[ 0.        0.        0.        0.024477  0.        0.001165 -0.001165]
   [ 0.        0.        0.        0.037809  0.        0.005562 -0.005562]
   [ 0.        0.        0.        0.        0.        0.        0.      ]
   [ 0.024477  0.037809  0.        0.        0.        0.013104  0.013104]
   [ 0.        0.        0.        0.        0.       -0.00223   0.00223 ]
   [ 0.001165  0.005562  0.        0.013104 -0.00223   0.009902  0.      ]
   [-0.001165 -0.005562  0.        0.013104  0.00223  -0.       -0.009902]]

  [[ 0.        0.        0.        0.037809  0.        0.002173 -0.002173]
   [ 0.        0.        0.        0.180518  0.        0.041612 -0.041612]
   [ 0.        0.        0.        0.        0.        0.        0.      ]
   [ 0.037809  0.180518  0.        0.        0.        0.082833  0.082833]
   [ 0.        0.        0.        0.        0.       -0.019273  0.019273]
   [ 0.002173  0.041612  0.        0.082833 -0.019273  0.100353 -0.      ]
   [-0.002173 -0.041612  0.        0.082833  0.019273  0.       -0.100353]]

  [[ 0.        0.        0.        0.        0.        0.        0.      ]
   [ 0.        0.        0.        0.        0.        0.        0.      ]
   [ 0.        0.        0.        0.047444  0.        0.008755 -0.008755]
   [ 0.        0.        0.047444  0.        0.        0.        0.      ]
   [ 0.        0.        0.        0.        0.        0.        0.      ]
   [ 0.        0.        0.008755  0.        0.        0.        0.      ]
   [ 0.        0.       -0.008755  0.        0.        0.        0.      ]]

  [[ 1.115814  0.256684  0.        0.        0.        0.061836  0.061836]
   [ 0.256684  0.817023  0.        0.        0.        0.344789  0.344789]
   [ 0.        0.        0.78527   0.        0.        0.        0.      ]
   [ 0.        0.        0.        0.880159  0.        0.211146 -0.211146]
   [ 0.        0.        0.        0.        0.78527  -0.162438 -0.162438]
   [ 0.061836  0.344789  0.        0.211146 -0.162438  0.527003  0.159897]
   [ 0.061836  0.344789  0.       -0.211146 -0.162438  0.159897  0.527003]]

  [[ 0.        0.        0.        0.        0.       -0.000175  0.000175]
   [ 0.        0.        0.        0.        0.       -0.008113  0.008113]
   [ 0.        0.        0.        0.        0.        0.        0.      ]
   [ 0.        0.        0.        0.        0.047444 -0.011977 -0.011977]
   [ 0.        0.        0.        0.047444  0.        0.012641 -0.012641]
   [-0.000175 -0.008113  0.       -0.011977  0.012641 -0.030507 -0.      ]
   [ 0.000175  0.008113  0.       -0.011977 -0.012641  0.        0.030507]]

  [[ 0.224307  0.052738  0.        0.013104 -0.00223   0.013615  0.012019]
   [ 0.052738  0.197159  0.        0.082833 -0.019273  0.121259  0.068773]
   [ 0.        0.        0.188114  0.        0.        0.        0.      ]
   [ 0.013104  0.082833  0.        0.211146 -0.011977  0.109575 -0.013003]
   [-0.00223  -0.019273  0.       -0.011977  0.192001 -0.070723 -0.038539]
   [ 0.013615  0.121259  0.        0.109575 -0.070723  0.256059  0.048951]
   [ 0.012019  0.068773  0.       -0.013003 -0.038539  0.048951  0.092237]]

  [[-0.224307 -0.052738  0.        0.013104  0.00223  -0.012019 -0.013615]
   [-0.052738 -0.197159  0.        0.082833  0.019273 -0.068773 -0.121259]
   [ 0.        0.       -0.188114  0.        0.        0.        0.      ]
   [ 0.013104  0.082833  0.       -0.211146 -0.011977 -0.013003  0.109575]
   [ 0.00223   0.019273  0.       -0.011977 -0.192001  0.038539  0.070723]
   [-0.012019 -0.068773  0.       -0.013003  0.038539 -0.092237 -0.048951]
   [-0.013615 -0.121259  0.        0.109575  0.070723 -0.048951 -0.256059]]]


 [[[ 0.        0.        0.        0.        0.024477 -0.000977 -0.000977]
   [ 0.        0.        0.        0.        0.037809 -0.004666 -0.004666]
   [ 0.        0.        0.        0.        0.        0.        0.      ]
   [ 0.        0.        0.        0.        0.       -0.00223   0.00223 ]
   [ 0.024477  0.037809  0.        0.        0.        0.012316  0.012316]
   [-0.000977 -0.004666  0.       -0.00223   0.012316 -0.008307 -0.003216]
   [-0.000977 -0.004666  0.        0.00223   0.012316 -0.003216 -0.008307]]

  [[ 0.        0.        0.        0.        0.037809 -0.001823 -0.001823]
   [ 0.        0.        0.        0.        0.180518 -0.034907 -0.034907]
   [ 0.        0.        0.        0.        0.        0.        0.      ]
   [ 0.        0.        0.        0.        0.       -0.019273  0.019273]
   [ 0.037809  0.180518  0.        0.        0.        0.076025  0.076025]
   [-0.001823 -0.034907  0.       -0.019273  0.076025 -0.084183 -0.028386]
   [-0.001823 -0.034907  0.        0.019273  0.076025 -0.028386 -0.084183]]

  [[ 0.        0.        0.        0.        0.        0.        0.      ]
   [ 0.        0.        0.        0.        0.        0.        0.      ]
   [ 0.        0.        0.        0.        0.047444 -0.007344 -0.007344]
   [ 0.        0.        0.        0.        0.        0.        0.      ]
   [ 0.        0.        0.047444  0.        0.        0.        0.      ]
   [ 0.        0.       -0.007344  0.        0.        0.        0.      ]
   [ 0.        0.       -0.007344  0.        0.        0.        0.      ]]

  [[ 0.        0.        0.        0.        0.       -0.000175  0.000175]
   [ 0.        0.        0.        0.        0.       -0.008113  0.008113]
   [ 0.        0.        0.        0.        0.        0.        0.      ]
   [ 0.        0.        0.        0.        0.047444 -0.011977 -0.011977]
   [ 0.        0.        0.        0.047444  0.        0.012641 -0.012641]
   [-0.000175 -0.008113  0.       -0.011977  0.012641 -0.030507 -0.      ]
   [ 0.000175  0.008113  0.       -0.011977 -0.012641  0.        0.030507]]

  [[ 1.115814  0.256684  0.        0.        0.        0.061775  0.061775]
   [ 0.256684  0.817023  0.        0.        0.        0.341924  0.341924]
   [ 0.        0.        0.78527   0.        0.        0.        0.      ]
   [ 0.        0.        0.        0.78527   0.        0.192001 -0.192001]
   [ 0.        0.        0.        0.        0.880159 -0.175753 -0.175753]
   [ 0.061775  0.341924  0.        0.192001 -0.175753  0.516228  0.165322]
   [ 0.061775  0.341924  0.       -0.192001 -0.175753  0.165322  0.516228]]

  [[-0.188166 -0.044241  0.       -0.00223   0.012316 -0.011422 -0.011092]
   [-0.044241 -0.165392  0.       -0.019273  0.076025 -0.101721 -0.082233]
   [ 0.        0.       -0.157805  0.        0.        0.        0.      ]
   [-0.00223  -0.019273  0.       -0.162438  0.012641 -0.070723  0.038539]
   [ 0.012316  0.076025  0.        0.012641 -0.175753  0.084596  0.066899]
   [-0.011422 -0.101721  0.       -0.070723  0.084596 -0.214802 -0.053806]
   [-0.011092 -0.082233  0.        0.038539  0.066899 -0.053806 -0.139908]]

  [[-0.188166 -0.044241  0.        0.00223   0.012316 -0.011092 -0.011422]
   [-0.044241 -0.165392  0.        0.019273  0.076025 -0.082233 -0.101721]
   [ 0.        0.       -0.157805  0.        0.        0.        0.      ]
   [ 0.00223   0.019273  0.       -0.162438 -0.012641 -0.038539  0.070723]
   [ 0.012316  0.076025  0.       -0.012641 -0.175753  0.066899  0.084596]
   [-0.011092 -0.082233  0.       -0.038539  0.066899 -0.139908 -0.053806]
   [-0.011422 -0.101721  0.        0.070723  0.084596 -0.053806 -0.214802]]]


 [[[ 0.181397  0.033184  0.        0.001165 -0.000977  0.008149  0.008031]
   [ 0.033184  0.061744  0.        0.002173 -0.001823  0.024019  0.023316]
   [ 0.        0.        0.061628  0.        0.        0.        0.      ]
   [ 0.001165  0.002173  0.        0.061836 -0.000175  0.013615 -0.012019]
   [-0.000977 -0.001823  0.       -0.000175  0.061775 -0.011422 -0.011092]
   [ 0.008149  0.024019  0.        0.013615 -0.011422  0.0319    0.010375]
   [ 0.008031  0.023316  0.       -0.012019 -0.011092  0.010375  0.030593]]

  [[ 0.419641  0.097356  0.        0.005562 -0.004666  0.024019  0.023316]
   [ 0.097356  0.340715  0.        0.041612 -0.034907  0.172512  0.143179]
   [ 0.        0.        0.335118  0.        0.        0.        0.      ]
   [ 0.005562  0.041612  0.        0.344789 -0.008113  0.121259 -0.068773]
   [-0.004666 -0.034907  0.       -0.008113  0.341924 -0.101721 -0.082233]
   [ 0.024019  0.172512  0.        0.121259 -0.101721  0.318749  0.081173]
   [ 0.023316  0.143179  0.       -0.068773 -0.082233  0.081173  0.221305]]

  [[ 0.        0.        0.010446  0.        0.        0.        0.      ]
   [ 0.        0.        0.059857  0.        0.        0.        0.      ]
   [ 0.010446  0.059857  0.        0.008755 -0.007344  0.025268  0.020387]
   [ 0.        0.        0.008755  0.        0.        0.        0.      ]
   [ 0.        0.       -0.007344  0.        0.        0.        0.      ]
   [ 0.        0.        0.025268  0.        0.        0.        0.      ]
   [ 0.        0.        0.020387  0.        0.        0.        0.      ]]

  [[ 0.224307  0.052738  0.        0.013104 -0.00223   0.013615  0.012019]
   [ 0.052738  0.197159  0.        0.082833 -0.019273  0.121259  0.068773]
   [ 0.        0.        0.188114  0.        0.        0.        0.      ]
   [ 0.013104  0.082833  0.        0.211146 -0.011977  0.109575 -0.013003]
   [-0.00223  -0.019273  0.       -0.011977  0.192001 -0.070723 -0.038539]
   [ 0.013615  0.121259  0.        0.109575 -0.070723  0.256059  0.048951]
   [ 0.012019  0.068773  0.       -0.013003 -0.038539  0.048951  0.092237]]

  [[-0.188166 -0.044241  0.       -0.00223   0.012316 -0.011422 -0.011092]
   [-0.044241 -0.165392  0.       -0.019273  0.076025 -0.101721 -0.082233]
   [ 0.        0.       -0.157805  0.        0.        0.        0.      ]
   [-0.00223  -0.019273  0.       -0.162438  0.012641 -0.070723  0.038539]
   [ 0.012316  0.076025  0.        0.012641 -0.175753  0.084596  0.066899]
   [-0.011422 -0.101721  0.       -0.070723  0.084596 -0.214802 -0.053806]
   [-0.011092 -0.082233  0.        0.038539  0.066899 -0.053806 -0.139908]]

  [[ 0.542905  0.127999  0.        0.009902 -0.008307  0.0319    0.030593]
   [ 0.127999  0.511494  0.        0.100353 -0.084183  0.318749  0.221305]
   [ 0.        0.        0.490637  0.        0.        0.        0.      ]
   [ 0.009902  0.100353  0.        0.527003 -0.030507  0.256059 -0.092237]
   [-0.008307 -0.084183  0.       -0.030507  0.516228 -0.214802 -0.139908]
   [ 0.0319    0.318749  0.        0.256059 -0.214802  0.774606  0.154624]
   [ 0.030593  0.221305  0.       -0.092237 -0.139908  0.154624  0.360379]]

  [[ 0.181209  0.042424  0.       -0.       -0.003216  0.010375  0.010375]
   [ 0.042424  0.160786  0.        0.       -0.028386  0.081173  0.081173]
   [ 0.        0.        0.15697   0.        0.        0.        0.      ]
   [-0.        0.        0.        0.159897  0.        0.048951 -0.048951]
   [-0.003216 -0.028386  0.        0.        0.165322 -0.053806 -0.053806]
   [ 0.010375  0.081173  0.        0.048951 -0.053806  0.154624  0.046091]
   [ 0.010375  0.081173  0.       -0.048951 -0.053806  0.046091  0.154624]]]


 [[[ 0.181397  0.033184  0.       -0.001165 -0.000977  0.008031  0.008149]
   [ 0.033184  0.061744  0.       -0.002173 -0.001823  0.023316  0.024019]
   [ 0.        0.        0.061628  0.        0.        0.        0.      ]
   [-0.001165 -0.002173  0.        0.061836  0.000175  0.012019 -0.013615]
   [-0.000977 -0.001823  0.        0.000175  0.061775 -0.011092 -0.011422]
   [ 0.008031  0.023316  0.        0.012019 -0.011092  0.030593  0.010375]
   [ 0.008149  0.024019  0.       -0.013615 -0.011422  0.010375  0.0319  ]]

  [[ 0.419641  0.097356  0.       -0.005562 -0.004666  0.023316  0.024019]
   [ 0.097356  0.340715  0.       -0.041612 -0.034907  0.143179  0.172512]
   [ 0.        0.        0.335118  0.        0.        0.        0.      ]
   [-0.005562 -0.041612  0.        0.344789  0.008113  0.068773 -0.121259]
   [-0.004666 -0.034907  0.        0.008113  0.341924 -0.082233 -0.101721]
   [ 0.023316  0.143179  0.        0.068773 -0.082233  0.221305  0.081173]
   [ 0.024019  0.172512  0.       -0.121259 -0.101721  0.081173  0.318749]]

  [[ 0.        0.        0.010446  0.        0.        0.        0.      ]
   [ 0.        0.        0.059857  0.        0.        0.        0.      ]
   [ 0.010446  0.059857  0.       -0.008755 -0.007344  0.020387  0.025268]
   [ 0.        0.       -0.008755  0.        0.        0.        0.      ]
   [ 0.        0.       -0.007344  0.        0.        0.        0.      ]
   [ 0.        0.        0.020387  0.        0.        0.        0.      ]
   [ 0.        0.        0.025268  0.        0.        0.        0.      ]]

  [[-0.224307 -0.052738  0.        0.013104  0.00223  -0.012019 -0.013615]
   [-0.052738 -0.197159  0.        0.082833  0.019273 -0.068773 -0.121259]
   [ 0.        0.       -0.188114  0.        0.        0.        0.      ]
   [ 0.013104  0.082833  0.       -0.211146 -0.011977 -0.013003  0.109575]
   [ 0.00223   0.019273  0.       -0.011977 -0.192001  0.038539  0.070723]
   [-0.012019 -0.068773  0.       -0.013003  0.038539 -0.092237 -0.048951]
   [-0.013615 -0.121259  0.        0.109575  0.070723 -0.048951 -0.256059]]

  [[-0.188166 -0.044241  0.        0.00223   0.012316 -0.011092 -0.011422]
   [-0.044241 -0.165392  0.        0.019273  0.076025 -0.082233 -0.101721]
   [ 0.        0.       -0.157805  0.        0.        0.        0.      ]
   [ 0.00223   0.019273  0.       -0.162438 -0.012641 -0.038539  0.070723]
   [ 0.012316  0.076025  0.       -0.012641 -0.175753  0.066899  0.084596]
   [-0.011092 -0.082233  0.       -0.038539  0.066899 -0.139908 -0.053806]
   [-0.011422 -0.101721  0.        0.070723  0.084596 -0.053806 -0.214802]]

  [[ 0.181209  0.042424  0.        0.       -0.003216  0.010375  0.010375]
   [ 0.042424  0.160786  0.       -0.       -0.028386  0.081173  0.081173]
   [ 0.        0.        0.15697   0.        0.        0.        0.      ]
   [ 0.       -0.        0.        0.159897 -0.        0.048951 -0.048951]
   [-0.003216 -0.028386  0.       -0.        0.165322 -0.053806 -0.053806]
   [ 0.010375  0.081173  0.        0.048951 -0.053806  0.154624  0.046091]
   [ 0.010375  0.081173  0.       -0.048951 -0.053806  0.046091  0.154624]]

  [[ 0.542905  0.127999  0.       -0.009902 -0.008307  0.030593  0.0319  ]
   [ 0.127999  0.511494  0.       -0.100353 -0.084183  0.221305  0.318749]
   [ 0.        0.        0.490637  0.        0.        0.        0.      ]
   [-0.009902 -0.100353  0.        0.527003  0.030507  0.092237 -0.256059]
   [-0.008307 -0.084183  0.        0.030507  0.516228 -0.139908 -0.214802]
   [ 0.030593  0.221305  0.        0.092237 -0.139908  0.360379  0.154624]
   [ 0.0319    0.318749  0.       -0.256059 -0.214802  0.154624  0.774606]]]]